0010110101000000010000111000000
0010000110001100001001000010000
1110000001010001110010001100010
1100111101011001101001100010101
1010110101111110100001101101010
1110101010101111011100011100000
1001000100001101000010001010110
0011011101110111111001100110000
1110001000000101000011000010101
1101100110001110101000100011101
0100001100101011011101000001110
1001001001100010001001100101001
0100111010000000011000001100110
1010111011110010101000111111000
1110010011001000110100011011001
1110110001000000110011001100111
0000100011011010011101100100111
0010001001001111010010011111100
1010000101000000011000101100111
1110110101011000111110000000010
0001000011110010101011000010011
1010011000100110001101001000001
0000001111100100011101111110110
1100001010101001110000010100010
1011010000110000100101110000001
1010000111011010001101011001111
1110111000110011000111010111001
0101010100001011011011110101000
1101000010110000010101101000001
1011010110100001100001000011100
0000101111000110101011010111110
11111011100111110110111101111101111111110110011001011111110101111110101111110001011111
011101010111111010101001101111111010110011111011101001111111111110110
11010100111111111011100001111111111011010111111011001111011100011111101111100001101110001011010010100001
11110111111101111111111001111111010011100000111100101100101101101101011011
1111101110000111111110111101111101010101110111110011011110011101001111111011001101111
1110111111111111110110001101111110111111010001111101001010100011101011111100111111111101111110111111101111111111111101101
110111011111111111111111011011101101100101111101110110110111101110
10111001110000111011110110110111110111100010011010111100111001110101011010
1111110101110111111110110111011101111101111111000100101111101111011111111101100111111
1111101111111011111111111000111110111111111111101010111111111000011110010101110010111111001111001011110100010111101001101
011101111001110110111000111111111100100010010101001111011010110111
101011011001111111100011110001110100101110111111011010101111001111
0011101011111111111111110101010101101111110111110111111110111110111111101
111011110111110110101110111001011011111101111011110101111110010010111
00111101010010111111101111111111111111111111110111111101110110101101011110110111101111111111010011100101
11110101100110111111101111010111111010011111111111110111100001111111110100
1100110101010111110101111011111011011100111111111010101011110111011101111111101101
011101101111111011111111111111111101111101110100111111111000101011111
1011111111101111101111111101101110001111111111111111000011111111011011111001101111
1111010110011001101111011101111111111110111111011111111011110101111111
111110011111011110110111100111110101100011111110000111111111101101011111101001111111
110000111110011111110001111011011101111110011111011110100111011010111011111101110101111011110110011110110
011011111111000110111101101101111101101100000111110111000110111110
110101101101111111111111111111011100011101110111011100111100111000111010101111111101
10011110111111001011111111010101110111101111001101011111111010011111111111011111111101
111110111110111011111101111111111100001001111011111111111001011111011
0110101011111101011101101101101001010010111111101111111110111001111111
111011111011110110101010101111011110111111111111111101011111111111011111
11110111000110111001101111111110110111100111111111101010101011001111111111110011111
1110110110111111111111111111110111011000111010001111101111011110011111111110011010111
00101110111111111110111111111111011111011011010110001
100111111111011110111110111101110011111110011010111100010101011011101011
1111110010111101110110011010101110110011111111110101111011110111101110111
111100111011111111110101110111110111010111101111110111101111110111111
0111101011011100101111101110110011101010111110001
1101111111011111111010111101110101101101111111111111011011010011111101
1011101011111111111111111101101111101110100111111010111111111011111001111111111101111
1000111111101111111001001110100011000111111110111
011111111111111101111111111111011010101111111011011111101110011101110000100111
010111111110101000111101101111001001001011110011100110111111011111
1111111100110110101101011111011111101100111111011111100111110111111011111110111111
010111011111101111111100001111011110101001110001
0111010101000111010110111111111111111111010101111111111111110111111111111111011000111
1111111111111111111001111111011101111111011111110111111010111110111011111010010011100110111110011110111
101001111100111110111111111111111111111100110110111111110110111111011111110100111111001
110010111111111111010110111111001111000111110110
101111110111011111111011111011111011110111001100011000111010111110111101111111
11011010001111111100011101111111011100011111001111110111101010111101111101001001
111111111100111111101101111001111111111111110001011111100001001011111011110001110111
01111011111101011110111101111101101100011110011111111101110100010111001001111111111111
011111001011110111101111101111011001111011101000001010101
1110111111101011111000110111111111100110011111010111111111101100011111
111111111110111011110111101101111111111111001101101011110011110110110111101010101111
0100010111011011111101111110111101111101011111001011000111011101101011
110111010101111111111111111111011101110111111110111101111101101101111101101111111111011111
1011111011111111011101111111111011111111110011111111010011111110010111
1011100111111101011110011100111101010110111110111101111101011110110111111110011111111
101111010111110111011101001111101011111101111111
111111111111111111011110101100111111101011111010111000111010111111
101111111101111111111011110111111111011111111111110111111000111111011
1111111101101011100101111010011111111110001111111101010110011111111111001111011011
11110111010111010101100111010111111010111111000011111111000011101111111111011111111111
011111100110100111111110101111111110111111111001111000111100110111
1001111011111010111110010110110111111111111100111111110100111001111111011001111010101
0011111111111101111101100111011000101110001011111111011111011110110101111111010010111111
01111110111000111110110000011101111111111111101110111111110100111011110111111110110111101001111011111111111111001110101110
001001111101011111111111011110111010110101011100011110101111101111
1110011110101110101111111011011101111001111011111101
11110111011100111110111001101011111010101110101111111001111111101111111111011
11110011110110101000111010111111010111011001110001101111110011111110101111111110001000111110111011001111111
111110111111111110111100111010110100011111100101111111111010111111001111110111110111110101
1101101110111101101101111111111101111011110111010111111111011011110111111111011111011111001011111010
1111110011111011111100001110111111011111100010010111001111111111010
1111111110111011111010110100000100011011010001111110100111110111111111000111111011111111110000011111111
1001011111111111110111011010101001111111110011101111110011111011111111010111111111110010110101011111111011111010
11111111011011111111111101111110011111111010011011111110111100111011001111
00111111110100111001111011111011101111111101011111111010111101111011111001110100011100111100110010
011010111111111111011001110011101111101111111111110111100111100101101110101110111111001011101011111100101
111010111011111111101111111111111111111111111011101111111101101111
1111001110010101001100111011011110101111110101001101110011111110110101011111111111111111101110010010111101
11111110100011111111111111100111101111110111110100111111110111110001101111111110101111111
1111111011111111101011110100100111111111011111111111111010111110111110100111101010111011
101111100011110011111110101011111111010111101111111110111111001111111110001011
111111011111111011111111111010111111111100100111111110101101110111110011111111111101111110011110010110111110
1111111001101111010011111111110111111011110111111101111111110000001110111
111111111010001111011001111101101110010101101000110111111111111100011011
011111111110011011111011010001111101111011111111101111111111101010011111111111011101010100000101111011110110
1001111111110110101111111011111010111100011111111111111111111011011011111101110110101111111110000011111111000011011001
1111000111111011011101111110110001111101110001101111111110111110111111110011001001110110111011101110
11111111011110111011111101111111101111101111111101001111111110100001101110111111011
011101101111111111101110000111111111111111011111011100111110110011
111011110111110111111111111111101011101111110100011111101111010101110111111111101101110111111110011101101100111
01111010111110101011101111110011110111011110110111111111001111111110111101111111011101111
1011111111111011011111101101110111011111111101110111101111000011001011011100111111111000
111001010010111111000111110111001101011101100111111110011111000011110100111101101100111011
010111111011010111100101101011110111101111011111111111110010011111110111111011111011111111110111011011111101
11001010001111101011011110111111010111111111011101111110100100111111111111001110110011110111111111
010111111111011111110111111111111111110010011111001101111011111010101100100010110101111011111110111111001
1110111100111100011101111111010101111111010100101111101011101001101111011011101111111111111110111111
101111011011111111101110110011101111111111111111
1110110101011001111001001101111011101111011011100011110100101101101111011
111111000111100111111111110001011010011111111010111110101111110111111101
111111101111111111101111011111110111010110111100111111111011000011000011111101
101000110111010111111100111111111110010111101011111110011111111100111101011101111111111111111111101111110110
111011011101011111111111100101010011111110111111101001111111110111111111111111101111011011
011100100101111111111111101011101111110100101110111111001011111101011101011111110010111
1011011110011110011111111111111111101100110111001110
1011111111111111111111100111110001111011111101011111010100101111111111011101111111111101111011111111011
1111110100101100111101110111110101111010011100111011100001111111111001011011010001101001111100101111
11100101110001011111111011100110001011011010111101010010111101110111111
01101110001110111000111111001110111111111111111110101101011101111011111011110010110111111011111000111111
111001110111110111111111111100110011101101111111111011111011111110111110111001011111100110110111111111011111
1111001111111110001111111111111011111111101101101111111111111111100110111
111010111110111111010111101111111010011000111111111011101111110111111100
111110101011110111111011110001110011110110100111111101110110111111
0110101111111111111111011111111111001010111111111011110111010110011110010101111011111111111101111111101101111001111010
110111011011111111111111111111101100111111001111101111111111111111111011101010011110111111111110010
101111011110111010111111101111111110111110111111110
011110111111111111111101111111110001110111111111011111101111111100100110001111111
11111011111111111101001111011111111111111111101011101001111000011110111010011111111001111111111011111111010111011011
1111001101101111110111111110111011101000011000011011111101111011001100111011001111111111111111111
0101110101111110111100111111110011010101001011101101111000000111111111100111111111111111
111011101111110111111111111101110110010111111111111111101110111111011001111001111
1011110101101111110101100111011101111011111101011101001101110011111101111101111101100000111111111101101
11101101110101111111110011111110110010011111000110110110111110011111111111001111011110111111110011
1101111011111111111110111110011001111111111110101010101110101011101100111111111011100111101110011111111011101
111110111010100110011011100111011111111001101011111111111
110001101111010110100111011110111011111011111010
111111101111011111110111110111101110101110111111111111110111011111011111101101101100011011
11001111011110010010111111011110100110101100111011111111111111110011011011011111100
001011111110111111101111110111001101111110111111011011101110011111
1100111111111111111101111101111010101011111000101111111001111011000010111111111111101001011110011100001111101111111001
01011100101110111111001011111111011011101111111010011111010011111111111111011100010000000011111111
111110111111100111101111010011011111101110111111010101111111011111011011011111111111111111111101011111111
010111010110111111010111001011101101111111110010111110111111111100
10011100110110111110011111111110110110000101111001100
10111101101101001111110110111111111111111011111111100110100011001111110001101111101011111100110111
111011111011011110111111111101110011001110111111111
11111011001100101111111000100111011110010111011111111011111011111111111111101111010111
1011110111001111111110110111110101111111101111100111101011110010110011111111011111011110010111010100111101001111111111001
1111011011111110111111101111111110110101110111100111011111110111000110111
01111101001111111111111001111111011111101011111101111111111111011101010
1111111011111111011111111111111110100100111101110111111101101010111100100011111100
101111111111111001111111101011111101011111101101010101100011111111111110110111110111011011101111110010110111
101110110101111110101011001010011111111110111111111111110111110111100000111111111110111010110001101
11101111101111111110011101101010111011111010101111
0111011111111101100111001010000100111111111101111110101010111011111010110111001011111111111010101111111101011111110
1110111111101110101111101111110111011101111101111111101111111111101011111101011111011001011111111011111101111011011
1110011101111011011101111111010101110101111001110010111111010111010111111
111000011011111111011111111111101010101011111111101111001011111101111101
1001111111111011011010000010111011011110011111111111110000010111111110101110111011
011111110111111100010111110101011111011101101111100111100101110101110111111011101101111101111101111011011110000
111101010111100111111101111111111111101111101111011001110111011110111101110110101110101110
10001101010111101111111011101010111111111111111101111100111111101011111111101111111
111111111101010011110011111001111101111101111111111011101011011010
1001000111011111111011110111010010111101111101100010011001011110111011111110011111101010111110011111100111011
1110111001111101110111110100100111110111111101111111101111111001011110101111100111110101110101110001
111100111101110111010110110100111111010110111101011111111001001111111111111111111010100
11011101111111111111000111110111110110011011111110111
0111011111001010111110011111101110111100111110111111101001111100011111110101010111111100111110110110010011
1111111101111111110110110111110111011110111011101001111111101111111111011011111111000111101011111111
11111111111011111111100011101101111100111110010011111110111111111111011
110111111111111100101001010111110111100111111011101011011111111110111011101000101111111111111101000111111101
1111110011010110110111010011010001100101111111111111111111111111111101110111110110111101111101111100011101000011111111
11110000001111111110101111111110111111000011011111101111101111111111101111111001111111101011111111
011111011111110111111111011110111110111101111010101111110111011110111011010111110111011111011011100111010
101111101111011110111111101111111010111110001001001110010100110111
011111011111101110010000111111111111101101011111100110111001000010111110
1111110110000111101111111111000111111101011011011010110011010111011111111110111111
11101111111110111011110110110111011111111010011011111010101110111011000110111111101111
1111011111110011101111110011111011111010111110111011111110011001111011011101111011
110111110101111111100100111101111001010011111101101100111010111110110111011111111111111011111111101111
1110111110111110111111011111111111011111111001110110010111111110110100110010011011111
11110111111011111111011011011111010110011011011010111011101111111111011110011101111011
11100111111001010110111110111111011101111011110100111110010101101110111111111111101111
11111110100111111011101111101111101111111010111101011110011111110011111110
101101110011111001111111110110101111011111110111101111111110101001111111111011101
011111111101111111111111111111111111111101111111
11111111110111011100110111011011110011111111110001111010011110111110101111110101110111110111110001010011010111101111
111011110011011010111101011111011111111110111100101111110111101111101111101110111101111101011101011101
1101010110111011110101000110111110110110101101101010001110110111101111000111111011111
11011111111111110011111011111111101111111111010101101010111010011001111111011110110111100110111111101010111
11111111011111011101101111111010111010101000110101111111111010111110110110111011010111
101111101110111111101111101101011010011111011111111011110111110011110011110111110011
1110110110011111111110111101110011111111111101001111111010001011111011111100111101101
101111101101111111011111000001111011010011111111011111110111011110110
011111001010111101111001111111111101110111111111101011101
0101111100110110111111111110110110111101111111101111111111111101110110110010111
1101110011110111111011001111111101111101001011011111110011111111111111011111111111111
101111001111101111011011011011111110101101111111
01011111111101110111010110111011110111111101110110001110101111111110110111110111101111
111111011011011110111110011101111111011101101111101101000010101111111101011011111100111111110111110101
100111011111101110111111001010111101011011111101101110001010111111111110111110101011
1110111111111010110011111101010011010111010011111101111101011110011101010011100111111
1111111111010111111101101111111111111111101111011111001110111111111101
011100110111111111111011111111000111010110111101111001111111111001111110111111111
0111110110010101010111111111011111111111110111110111011111011011011100111110111111110
111110111110111111101111110110101111111111001101111100001110111111110
101111111011110110111110111111111100011110111110110011111111011011111011111111111111111111101101010011111111
1111111010111111101111110100010011010011101100111101110111111111111111101011111
0111111110111010111111011111111011111111111010111111101101111111111111111111010000
0011001011111101001111111010111111010101111100101110010010001111110110110011101110111011001110111111101011101111111111101
111111111001011011101011100011110111101101111111011111011111101011
101011011111101110001100111001111110111111010010
01111011110111110111111101101101011111011101110111111111111111101110111101111111111110001
110111110110001111111111111011101100111000111001111110111001010111101111101110111100011
11111111101110110111111111111111111111001110101011110110111111111111101100011111111111101011111111110110111111010111
111111101001101110100110111110001111010110111101110111111010101111111111111101011111001010100001111001000111
110011111010110101111100111110110010111111111001111111111111111110111101011111110111001110101111101
1111011101111111100111111101111011110011000001111111011111111110111111101111110111111010110111111111101111010110001111101
111111111111011100000111111010010111111111101110111111110111111010
00011001011010010001011111101111111101111111100001111110111101111010111111011101101110110101011011101111101111111100111
11101100000001111101100111100111111111011101011110000110011111101111111111101001111001111
1101011000110101100001011101110110110011111101011110111111101101110111111111011101011101
10011111111110111001010111110100011011011101111110101100111011110111110111
01100110011111000111111111101111111111111111000100111010111111111110011110111111101110001110001001001100
11001011111101101111110110101001101110111110111100111101100111111101100111001111001111010111111010
101111011111010011110011110101100011001011111100111110110001101010101110110111111101001
11111111011110111110111010111000011001100111011111001111111110101111001101111011111111
010110101110111001110011111011111111100111111000
010111001101011111111111111110011111111110101111101010101101111111000011100111111111111001
1010010101111101111000101011101100111110110011111111111001111110111111010100110101011101
11001101100011111111111101111100011101010111011111111111011010011011101110
10111011110111111111101100111111100111011010010111111111101011101011111000111011001011111111111011111110110101111001101011
1111110011111101110110111111101001111111100011111111110010111010011101010
1111111110111101101110111111111001111011101111011101100101100011111
01101101001111111110111101110111111010101111111111011101110110111011110111
11111111101000101110110110100001100111110111111101010111101111111011011001111
010110101101111110111001111011010111010011111101111111111010111110011111110111101111
110111000111111111111011101111111011101011111111
1111110011111111001111011111100111101011110111111111101011111011011111
101110010101110111111100100100111101110101000011111010111010101001111
101111111011111011110111111110111101011101101110001111011110110111111111111001111111
1111111101111100111111101111101111111111010011111111111111110011011101111111011010110
1001111110110101111011101011111111000011111101101111000111110011011100
101111110101110111011111101111111110111101101101111111111100111011111110111101111
11011011011000011100110111111111011110111111111001110110101010111111110011111
111011001111110100100111101111010101101111111001011011110110000010101110011100111111
1111111111011111110011111111111100100111101111011111110100000111010111111
011111111111111011101111111111110111111111111111101110100110111011011101101110101111111011010011101011111110111111111101
11111010111001001111111011111110011110111110111111111111111101011110011011111
011111111111110101111111011011111101100111101111110110111101011001111110111100111101
101011101100101101101001111101011111110111110101111110100011010010110
010111111101110111011011011101100111101110011111011110011101111101111011111111100101111101100110011110100100111111111111
01111111111011111110000110111110111011101111111111110011010100001111011100111
01001010111011001111101101111100111111111010011101100111111111110111111110111010111110101111111010100111111101111111110111
000100101111101111111110010111010010110111010111111011011110011011111
0101111111011111101100101111111101111010110111111111111111110011001110111011111111111011110101011110101101111111111110111
0011110111010111100011110111110011111101100111111100111111111110111111111011111
11111100111111110101111001111111010001110100111110111111010111111000111
111011110101111011100111111111111111111011011101111101111101110011011011111111
111011110101111101001001101011111111101010010101100101111001100110111111011101110110101101001111111011111101111
1111111101011001111111111100101111001101111111111111110100111111111111101
111111101111101101101101100111111111101111101110111101111110111010100010101011001111001111111010011111011
11111011101011111101111011101111110010111000111010101111110101110111111011111011100111111100111011111101110111110111111
1011111111111011111001111111111110111111010111011100110010101111110001110110101111011110111111110111101
111101110111111010110111111110011010101111111111111111111101001110111111111110110111011
1110011001111111011111111111110111111011001111011111111001111101111010101110011111100
101110011111111101110100011110111111101111110011010110101
11111111010101110111110110100111000101011011101101111111101110111101010110011111101001
1101111111111010101100111111101110111011111101011111111111010111001101111101111011111
000011010110111010111011111111010010111110011011010011011111011010111110101111111111111011011001111001111100
111100111111111100011101111110100101111101100110010110011
111100101001111010010010110111111011111111101110111110111111111111111
1111111110001100001001111101000111110011111111101111111011110111111011111110111111
11111101101101111111111111111101101111111000011111110001101010111110111111111111111011
111111011111111111111111101110100111111001111111110011111111111011
101111111010011110101111111010110111111100110010100111110101110110
1100011100010011100011111111111101001011111111111111111000111111111111111011101110111
101110011101011101111111110101111111110011110011111011111111110111011001011101101111111111011110111110111111
1100100111110111011101111111111111101000010111101011111101111001101111101101110011
111110011011011110010011101111111111110110010100111011100001111111110110011110
0110111110011011111110001110011111111111111111111111110100000111001101101011111111
1111011101111111011111111110011101110111111111111011110110011111001111110110100110110
01111110110111111001111110101011110011100111100111111
1101111011101110111111111111111111011110111111111111000111111111101110011101110010101
0011010110111111011011111110010110011011101011111111000111101111110111111110111101011111
101110001011010111111111011110001111111011111011
111111111101011011011111111010011110111111111100111001111011111011111111111010111111111011011111111001111111
111101111110111100110001001011111111111111111001001111011101111011100
1111110011011111010100111101111001111001110111111111111101111011111111111111
0101111101101110111101110111011011011111101111101010101011010000111
111001110111011110110101111011101111111111110011101011101101111111
10101111111010110111110110110111101001111110101000010111101110011101111111111111111011111
1110111100001011111011011111111011110111111110110001111111110110110111101111
0101111010011101010011111101111101100011111010111011011010111111110
111100111111111101101000101111011111110101011111100111110101111111
001110101011111101110110111011101010111111011111011110111111011111001111111111110011111111
0111101100011100111111111111010111101100111111111110001111001011101111011110
1111011001111110101001101011111111111111011011111111111111011010111
111111011111111101111110011101111111111111111111001011110111111110
111101110111100001100011111101111111111111010100111011111111001110111110111110110111011111
111110100111111011111011101001110111111001111101101111101111101001111110111001111111
1110111011101111101101111110111111111011100110111
11111100111100101110101011011111110011111111011011011111110110011111110001111100111111
10110111001011111100110111111101111111100011110111110110100011101010101111111001110
1011110110111010100110111100111100111111111011111111101111011111110111111111110101111111
111111101111110100111110111111111011110111101111
1111111011111110111111111111111111011011010011110100001011111111110011101100010100
0111101110110111101010000101111010101110111100101111001111111011101010
0011111001101111111111110111001001110111111011111110011111100111101101111111111010111
011110110111101011111111011111111111110111110110111001110100111111011
1110111111111001111010111111101101111110100111111101101101001010100011
11001111100111111111111111111110111111101111101111000111111011101101111111110011111
10111111101110011110110111100010100100110111111010101111101110101011101101101111111111
111111111111010101111111111111111111111101011111011111111111101001101
0111111111101111111111001000100111101011011111111
1111010101111110011111111001010101010110000111111111100111110011110111
111011011111010100110110001011010110101111110111010011101111111110100111011101111100
011110010111011100110110111011111111100111011111111011111111111111111111110111101111011111111011101100001110
1100101100111100111111111110111111110111001110011111011001100001110111111110011111
011111101110101111111111111111110111111011111110011111001111111000101110111110111111000110001111111101
1011110101111111111010111110001111111111111110111111111101111011111111110010011111100
111011110100011111011111111111111111111110110101111100111100011101111
1110011100111111101000111111001011110011011110110101111110110111111011
010011111101111010110010001110111111011100110111111111111110011111111111011111000111
1101111111011101011100001110011111111111101100111111110111111110101101101110100111010
1111101111111011111101110111101110110110111111011
1110011010111111111111111011101110101111111011111111111111101011111110110111111101111011010111110111
11101011111110111111111111111111111111101101010101110010110011111010111111110111
1101110010011111111111111111011111010101110111000111110111111111111110111101111110101
11111110111101111111110110100111101101111110110110001111111111001110101101111101110011111111000110101111011
011111101001110111101111111110101101011101111110111111011100001101010111111100101
111111101111101111111111111111111001111011111011111011110111011110000110011111101111111011110111111101111111111111101
1111111111010111101111101111011110111101110111111101011010011111010011001
1101000011111110011111100111100101111101011110011101111111111011111111
111111111101111001010111000111110111011111011111110111111010101101111111111110110111111010011100110101110111
1101110111111111111110101011111110111111111011111111101011111111011101110111101011010010110011110101011010101110011111
1110111011011010110011101111111011111111111110101110101011111110110001111010110011111110100011111001
00001011111111011111101110111100001111111111110111110111011011011111111111001011111
111101111110000110111011111000111111011100111110111011011111110110
0110111110111110011111111111111110111111111101111111111001101110000111111100111010011011010111101111011011
10010111000011011111111101010110011110110100001111101111111110111111110111111011010111011
111110110111111111011011111101111111111110110101100111101110111111111101011011111111101
1011101101000111011011111111011011100101010111011001
0101101111101111001101001001011000110011011111111110111111101011010111101100010110011011110101111100111
111111111111111111111010011111011111111011110101110101010011011101011111110100111110111100
1111101110111101011111110011111111101110011101111110110101101111011010011111111011111111011111011111111110011
01111101110111111001111110111111111011101111111111101010011111111111101010010101001010
110110111111111010100111111111111010011011111111
00111011110111101111111011011101011111111110111111011011111111111111101101111001100001111
00111111011011111101111100111110111101111010111011
1101110111111111111100110110010011111101111111000111001111001101101110111011101011100111010100101111011
1011111011001111111010000110111111101111001011011001011110101001001111111111110101110110110100111011110
0110111111111111110111110111111111101101111010100101111101110111110111111111111111111111110111111010
11111111010101111110101111111001111110011110110110011011111111110111011
10111111110100010100011011001001111101100101111111111011111011011001110101110111111111110111111111010111
110110011101010010010111100111011111111111111011111011101111110111001010111111010001011111111111011011110110
1111110010111101111001100101101111101111001111110110101110111011101111111
111011110010101011110111111111101011011111110011111100101101111011111101
110101111111111111100010010100111101010111101111111111110101101101
11100111111100011001110011011111111101110001111011111010001101011110100111111011111111100100110111101100
101111111010110011110111110101111011101110101110101111101111011111111110111110011111111110011010011
101110111001100111111111110001101111010111111111101
111110101110110101011100111111111111100010111111111011111110110111011111111001
001111111110101001111111011110111111001110011011111
11111111001111001111001101001111110111011111111111111111111111101110111011011111101111111000011111
111100010111111101011100001010111111111101101110111
11010110111111011011101111011010101011111010011111111111101001110111101100
11111101110011011110011101111011111011111010111111011111011111111101111111111100111111011010110111000111010
0110111111110101111111111111110110111111111011101011011111111101111011111
11111011111011110111111110111111111111111110011110101111111101101111101
011011111111111010101111111101110111011111001000111111111111011111111011111011101111011101
1111111010101011111111111111111111101101011110111011111011100111111111111111010111111111111110110101111011011011111111110
11010010111100111111011011111111001111111110111111001110111111010010100101111111111111111011111111
11111011100001010011111111101111111111101110110111
111011011110111111111111111111011111101111101111
1011110101111111111101111001111011111010010101110111011101011101110100000101111101111011010101111110111
1111101010111110000110000011100011111111111111101111100101111111101111111111111011010011001111011111
11111111110110011111110111111100010101101111110110111001111111111111000
11110110111111111011110101111111110111111111101101110111011001111111111010110011110101010111101111010110
011100011110011111111110101101100111111111110011111111111011111110111111010111110111101110011011010111110110
0010101111111111000111111110111010011011111111011111101111111111111111111
010111011110110101011111011011111110011111110101101111111110110011011101
1111110111011011101101101111111111111111110111111111111010011110101111101111000011
11001010111111101111011111000011110111111110111010111111010010111011111101111011110111101101001111011011
11110101111101100101101111110111010010111111111111111110110111111011111110111101101111010
0111011010110111110111010111111011101111111101110111110111111111100001110111101011111101110111111111001110111
101111001101101001111111010111111111101111011010111101011011111010101010101011101111111011111001111111011011011110110111
111101011010010111111101111111101110101111111100111100111110111111111111111011011111110111111111010111101110
0011011111101110111011110101110100110111111011011101111111011111111110010
111110101111111111001000011110111111010111011110111111011101101011111111
1101010111011001111011111110111100111111000111101111111111111010110111101110011111111111101111111110
0100111110100111111110111100110010111101110110010111111111110101111010101111111111111111111011001101010100111001
1100101110111111101011110100001001111101110100111110001101111111001111110100111100111111111010111101
11111011111111011111111101110111111111111110111101101111000001110111101
1111101101111101011011011001100011111101110111110110110110111111111101111011111011101111101111110111101
1010110111011001110000001111110111111110011111110111110111111101111111101010111110001011010101010111111
0111111100111110101111010110111111111110101111111011111110011010101110111111110110111111010011010
010111111101111111101101101011111100101010101110111111101011111101111010010110110110011
11111110111111111111100100111110001100111011011101111
010011111011111111101111011111111011110111011111
011101110001111111111111100100101111111011100101101011111101001111111111101111111111101001
1001111111011001101011101110111101110111110111011101111111111111111111110111111110111111
11111111011111011111111110101011001011110111110011111111111101011101110111
101101101110011111010010010111011111101111100110111101010111111110101100111111111011111010111101111101111110011011111
11111111111101111111111111111101111100101100111101111101111011110111110101001111011101101
111011001101101111111111111111101010011001010100111110111111101100001111111111110101111
00101001111111011111001111111101010111011110101101111011011010111111111111011101111100111111111011111111111110010101111
0110010111100111111111110011111110100011110111111101101001011111110011110110110111010111111101111111111
111101011111110111010011110111101111111101110101111111101111111111111110011110111110100101110011111
10111110011011111111110111110111110111100011101010111111101100111100011
0110001010111110101011111111111111111110111111101111111111111111101111
11011011101111111100111111111111101010101001100110110000111111111101110110111111111011101111011101111111001101011111010111
110111110001111010111111111111111010111111101011110011110111111011101111101011111111111011101111111
101010100001001111111111111110101101011010111111111
1111001010110101111111111111111100101011011000111101101110100111100001110111101110100111110111011110
1110100110110111111010011001111110001010101111100110010111111011111111010111111111100010111111011111110110110111111110
111101010111111010101011111100110111110110010111100111001001111100001111111011010100111101101111111
0111110101010111011110111111111111011011101101111111111111000110111111110101111011101101110111011101111010111
1111111101100111111101110111111011011111110111110011111111111111110010111111011011
01111101101111011000111111111111111110011100111111101110011111111111101011001011111111111101011111111111001011111111101111
1111110000101101111001111011011011011111111100111011111111111100111101101111
101000111011111101111100001110110111010111111001101111111001011011111011111111010111001110111111111101111
001011101111111101110110011100111111111000011011111111101111110111
1111101111100010110110111100111111111111111001011110111111111110101011011000111111101110
100111111011111111001111111111111111011111111111111011001101101111011111001011011111111101
01110111110111011101111111101010111011101111110100111110111001011111110111101111110
1110011100111111011111111011110001111101111101111100011011111001111110111001001010011011110111110111
10111110010101011111100111101110110111111101111111
011111110110111100111101111011111111111101100111101101101011111010110011111101111010111111
11101011110000110110101101111111111101011101011000111111001011110111010101111110101
001111110111101101101111111111010111001111111001011110110101111111
1110111110011111111111101101101001010111101101110111101011100110100111010011101111110011101101111111111011010111111111
11111001111111111111011010010111101110101111111111111110110101111111100001011111011100111101111011
1110101000111111101111001101011001111011101111101110111111110101111101111110100001110111110111001101111101111
100111011111111110110111101111111111100011111111111111010100111011111111101000001101101111110110001111111010110111010110
11101111011111100011110111110110111111101110111011110
0110111010111000111111111111111101001110111100111111011011010110101011110
100110100101011011101010111110011001101111111101111110111101111011011000
1010100111111101010010111011010101011110100110111011010101000011110101101010110010
001111111011111111011000011111011011011101011001111111101111101111111101011101101111011111111010000111101110
111111101111110111110111011110111111011111001111111110111111110011001100001111111100101110011011111
111101101101110011110011111111110101111101111111101
1111110100111111100110111111111100111011101111011110101111011100001111101010111110
111111110110111111110001010100111100110111110110010111011100111011101110011111101111110101111011001111111111
011111110000101010111111110111110111011111111011011010100110111111011111111111101010111101
1011100011011010001111111111110101111110010111110111111111011100110
111011110110111111011101011111111111110101111101101111111111101110
011101011111001111110011011110110111110110101111
1111101011100111111110101110001101111111100000011010111111110101111110111101111000000011001111101
01111101111001111110111010001011111000101001111101111111111011110111110
010111101110010110010110111101111010011111111111100111111111111110111101110001101011111110001001000011110111
01110011110101111111100111111101111111111011110111011101110101110011111111111101111111110111111011111110111100101011101011
1111110111001111110111101101010101111111011001101111111111110101001111011
11110111000111111110011011011010110110110111111111011111101110111110001
111110010110111111101111111111111111111011111101111111101110111011001111111111110111111111
1110111110110101110111111110111101011011111111101
11111111111111111110111110011101011001111101011110000101111111011110111010110101111101111011110010
1111111111011111110101111011111010111100111111111111010011110011000011010111111111110010101011110010111111011
011111111101110101110001111011111111111101101111111111000110111111010011111111
111101111110001010111110111101110111010111000011
0011101110110001110010111111011110111111001010111010001111011110111111111011110100101110111101111
111110111110011110011011001111111011111011110111111111011100100111011110011110110111111
111101101010011110110111111011110111101110011110101100011
110010111111011101010101110111111101111111111110111101101101111011110011101111101101010110111101111011111110011110011
0100101111111110110110011111101111010110010111111110110111110011100011111
01111111100110111111111111111011101101111010111011101111110000101010101
111111011010110110101000010111110111111101101111111111110
000011010100110101111011111111110100111111101111110111101111111111100100111111101011010111101110111110111001001111011
1110011111111111111111111111011111100011111111010111111011111111111111011
11100111010010111110001111111000111100110110001111000011111110111101001
110101111011011101111111111111111111111111110101101111101
1110111011101110101011110111111011110111010100111
110110111111101111111111100101111111011111011011111111101111111100111110111111111010011110101111010
111111101101111111111111101010011011011111011010111100101111101111101110101010111111011110110101000110111
111010110011111011111010101101111111110011011111101110101100011011
0011111111011111100110101111111011111111111101111110110111110011101100011001111101111111111111111111010111111111111
10011001110001111100110101111011111111111110110111111011110110011011011111110111110111101011110111
11111101100011110111011111110111111111110111011111
111111111101011110111010111110111011111111111111111100010011101110110111111011
10001101111111100001111111111110100111001100011101111101111011101111010010111111111011111101111101111111
10111111101111110111010111101101111110111001101011110010111110111111111111111101111110111011111011
0101111100110101011010101011111101111111111110000111111111001111111
110111111110111111111110111101111111111111111111111110001110111011
10111000111101001010000011111110011110111110111111111111101001111111111111011111111110111011011011001110110111111111111101
100110010111111110111100100101111111100101111111110111111111111111100100111111011111111111
1010111111111001111111111111111111011011111111110111011111101001000000111110111111111111
10101111111111111001011111111011010111111111111110010011101110111110111011
01101101011011111111001011111111110111111001111111
101111111111111111010010111010101111101001101111110111101011011000011011111101100101110110
0001111111110111001011101111010111011101110110111101111111111100111111010111110111011011
11101111011111010011111101101001001011011111110111110111011111011011110101
01111111111111111111111011110101000111111111111001111011111111111111111111111110111000111101101111111110101111101111011111
0111111010011100011101011110110011101111110111101111010111101111111011110100
1010011110111111011111101010010101110011111111001001011100111000111
010111111011111100100100111101110111111111111101111111111111011111
11111111111011111111011011101110010111010011111111111101011111111011011101111001011110010111010110111011011111100111111111
00111011101001100011101111110110100110111111111110011011111111111111000010111101011111111111111101
1111101111011100011111110011101111111111111110000111111101111001111010111111111111111100001110111111101010101011111000011
110111100110101111111000111011111110001111111111111001110101101011
1001111101101110110111111011111111100111111111101001111011111100111110100011110111111011110110111111011111111101
111011111111111101110010111101111101111101111001101101111111111011111111111011111111110011
111111101101101111111101111101101101111111000111011111111101011111110111110111100111100011101111111110111
101010101100100100100101001111100111010111111111111111111111111110
10111110111111011101011111111111101011101101100111101
00111111101001100101011111011101110110101001110111110111101111111101111111100111101011011111110110
111010111110111111110111111010111001111111111111011
1111101111110111111111111110111111011111111011011111111000010000101001100101001100010
11011100111111111011110110111111001111000111111001111111011110111011111011111101011111111111111111111110110111
011110111111111111110110011110111111111111011111111100110100110111111101111011111111111111011101111
0101011100111110101110011111110011101111110101111101111100100110011101111110011101111011110011011000101111101
1111001101111011111111101010011101111011111111101111011001011101110011110111001111100
1110011101001011110111001111011001110111111010111111001111111110111011111011111000110100101011011011111
01101111111101101101101110110011001100111111000001111101110111001110010111110001111101001101100111
1111101001110111110111110111110111001111110101001111011111111111101111111101111111111101111110111111111011101
101011111111111111100111011101101011111101100111111111111
111000001101011111111111100111101111110110111111
1111000010111101111101111110011011101111101101111011101011110111111111111
11001011011101011000011111110101110110111000011111111011111011110111100
111111111010001111110111111001001000111111111111101010111111111111111111101010011010111011
0101111011111101111111111111011111111111011011111101010110111110100111111101101010110111111110111110100110110111011111011
11111111101111110010010011100111110011111010010111011110101111111101111111111111111010011111111101
11011101110101110111111101111011111101110111100111
111100110010011011101010011011101110101010111111
1101100111111111011111111110011000011110011111101111111000111011101110111010110111111110111000111110100
0011101111101111101111111111000101101111111111111111111111111111011111101011001001111111110111111011
10110111111111111110111111111111111011011111110100111101010011111111111
11111011100111111111101001110111100111111111101011111101101111011111100101101111001101001010111111111011
0011111101111110111010110111111101111101111110101110111111111100010111111111100111111110111110111110111010011111
111011111101101010101111111111111100111111100011101111110101111111011101111011110111111111110111011
1101101111111111110111111011111011101101111001110010111101101111111101110111101101110111111111100101111101011111111111011
111011101011111011101111011101111111111110111101111111011110011111
10111011110110111111111101001101010111101011101111011011100101111111101111111100110011010111111111110111001
111111111111111100111100011101011111111111110111111100101101101001111111010101111111111011
1110111101010000111110111000011000100111101011111011111110111111111111110111010101011111
111111001111101111010111111111111100100111111111110111011111111111
10010111111001111110011110111111010101110111111101001110100111011011011101111101110111111010111111011101
101011110111111111111111011111011111011111101010011111101111110000101001110011010111111101110111010
01111100111111111111001111011010011101011100111111111111011011010100001101111111111110110110011101101001001011
1111001111111100011101111001111010111101111111101111111011111110101010111011111011
10111001101111011101110111111111111100110101110110010111111110111011100011111101111110111011101100100011111111111011
111011111010111000111101111111011111111001110111110111111101111111010111001111111110011111
111110111111110111001000111111110011101111111011111001111111011101011111101111111111111
01111001101111011111101111011111111110101110110111011
111111001111111111111011010011001110111010100101
1101111110111111111111101001111111110110001101110101111111111111111101001101
1000111011111101110111010110101111111011010010001000110111111101001
111011001001110110101110111011011110111001111101110111101011111111
11111010111110111111111111110111111001111111001011101011111111011011011110100111010011001110011111101101011111110011011
10111111101111111111101110111111101111011101011101111010000010101111100110111111100110101111110110
11101111001111111111111101101001111111101110111010111111111111110001101
11110011111111111111110110111101111111111111111101101011110110111010010111101001110010
00101101011111101101111111110111110111111100110111011111101011111111111011111111111110111111111011111110
101111110011111110110111111111111111000111101111100011111111110101101110011011101111001111111101110
11111111101111111111111111111101011111111001111111
1111110010111010111111111110111100011111110111110110110011011111111101101001111111101
1101010101011110111011001001111111110111111111111100001111101101011111011101101011011111011111111101110
100110100011110111110111011111111101111011111011110111111110010101111111101111111111011100
11110111111110111111010011101011011110011111110111001011101110110110011
111000011011011110010111111111111101111111001101111111110
001100101110110110111100101001100111011111111111101110111011000110110101110101111111101111111011101111011101011011011
01101110001001111101111101100111001101111111111101110111111111011111111111
010111111101011111101111110110011011100101100111111
000111111101111011001100010010111111111111110001001011101001101111111010101111100
1010111101101101111101011001110001111011011011110101101010111011100110111011111111011111111010100111111
1111111111111111100111111001111101111011110001011111010000011010111111110101110011111111111110111111
101000011000001001110111011101011101111011110111111111111110111100001110
11111111111110110100111010110111111111111111111101111111011111111001111101
01111011101101111101011001011001100011111011110111010
1111111011101111110111111100000110111110111001111111101101100110011010111
111110111100100011011011111111101111101110111111010110010011110000111101
1011011001110111111101111111101101111111111110011001111110111111100111111000111110
1010111001101111100101111111101111111101011101111011110001011111110101111101111011111101101110111110111010111110011110
1111111011101111111101011101010111101011011110110111001111011111110101111
110111101101010110001011101011011110111001100101000101011110111011101110
11111011101110111110001110111001111101111111111110110011111001111010111011
1011110111011111111111001100101111000111110111111
11110101011011101110001111111111110110110111011111111110110111101110111110101010010010111001111110
101111011100110011111111111011111111011100101100111110110111010011111111111111110111101111101011111110111
001100111101101111111101101111110101011111011101100110111101101111
000101101011101110111000110110111111111110101001
1011111011010110111101111111111111111111110101111111011101011101111010111101110111010101101111111
10011111111111011101110001111111110001111101110110111111011111111111110
1111101111111111111111111111011110111111111111100111111110101110111111
111111110111111011111111111110101111111011111111
1111111111010010111110110011111111111011001101111111000101101110000100110
11111101110001011010011011110101111111111111011101011111111111110110111
101111111111111101111101111000111111001111111111111101101111111001011111111110111110100011
1111100111110111011111100101111011110101101110111
11111111110111001111110010110101011111001111110011111111101001111111111110111110010000111011111111
1111011101101111111111011111011100101111110011011101110111111111110111011101111111011001110111001100110110111
111110110011111110101111000101010101111100111101011111111111111111111111100111
011011010111111111110100101001101001111011111111
1111010111111110111101111101101111010111111110110101111101101010100111101110110111001111101111001
110010011111101111111111110101100100101110110110011110110111111010001111011010000110111
111111111110100011010011101110111111100111011111001111001
110111010111111111011111101111011110111001111111111100111101111011111111001110111101110101100111111110001110011111111
1111011011011011011110101111001111111101011111111110111110011111110111111101
1011110101110111001111110010101111011101111111100100110010010111110111111001111111100111111110111111111
101110111111111011110111111111110101111111101111111111110100111011100110111110101011011010111110111111111111100
111111111001111111011111111111010110011110101111001111110111110111111111100
101011011100011011111101111111001101011101110011100111111101110011111111111110011101
001111110111101111101111101011011001011111010111110011101101111101111010101101010000101
1011111111111111111111110111011111110111111110101111101100111111001111
110011110111111011101011111111001111110111111000111101111111111001111110110111111011110011100101101111011111111111011
11101111101110111101111101111110111100111011111111110111001010111100110111101111100101010
110011111111110011110111111101111111011111011001001111110110001101111010101111100101111
1110010100011110011110011101001101100111101111111011111100011111101101110111111110111001111111111111
101111011111111110100111110011111111111001111111011111111011101100101111111111111101001101101011110011001111
11111011111111101011000110101111111110110111011111101111111110110111100011111111111101111101011100
011101111110111111110111111000010111111101000111111011111111001011001110111000111111111
01011111110111111100001111010111111110000001111111010110101010111111110001101110111110
111101110101111111110111010011010000111101111111110000110101111101101110001011011111111111010011111010101110100101101
1110111111111111111100011101101110111101111111101011010101110001111100011111100111111101111100111111
11111111110011111010111101111111110110100111110110101110111010110
1110111010111011111111101100011110111111110111101001110111100
1111111111111111111111101011111110110010001111101011111011011
