11011111101
11100001101
111011011111001
111000110001001
111011000101001
11110011101
111011000001001
10000011101
111011111010101
111010010010101
111000111110001
11100001101
111011011000001
1100011101
111010100111001
111010010111001
111000110011001
11001111101
111011011001001
11000011101
111011010111001
111011001101001
111001100111001
11010011101
111011001001001
10110101101
111000001000001
111000001000001
111000100011001
1000111101
111010100111001
11011111101
11100001101
111011011111001
111000110001001
111011000101001
11110011101
111011000001001
10000011101
111011111010101
111010010010101
111000111110001
11100001101
111011011000001
1100011101
111010100111001
111010010111001
111000110011001
11001111101
111011011001001
11000011101
111011010111001
111011001101001
111001100111001
11010011101
111011001001001
10110101101
111000001000001
111000001000001
111000100011001
1000111101
111010100111001