0000090000000000
0000000000000000
00000f0000000000
0000000000000000
0000040000000000
0000000000000000
00000a0000000000
0000000000000000
2000000000000000
20002f0000000000
2000000000000000
0000000000000000
0000180000000000
0000000000000000
0000160000000000
0000000000000000
0000050000000000
0000000000000000
2000000000000000
20002d0000000000
2000000000000000
0000000000000000
0000130000000000
0000000000000000
0000210000000000
0000000000000000
0000060000000000
0000000000000000
00000e0000000000
0000000000000000
0000200000000000
0000000000000000
0000170000000000
0000000000000000
2000000000000000
20002d0000000000
2000000000000000
0000000000000000
0000060000000000
0000000000000000
0000210000000000
0000000000000000
0000130000000000
0000000000000000
0000170000000000
0000000000000000
0000180000000000
0000000000000000
0000150000000000
0000000000000000
0000200000000000
0000000000000000
2000000000000000
20002d0000000000
2000000000000000
0000000000000000
00001e0000000000
0000000000000000
0000160000000000
0000000000000000
2000000000000000
20002d0000000000
2000000000000000
0000000000000000
0000090000000000
0000000000000000
0000180000000000
0000000000000000
0000110000000000
0000000000000000
2000000000000000
2000300000000000
2000000000000000
0000000000000000
2000000000000000
